1
1
1
2
1
1
2
1
2
3
2
1
2
1
2
2
2
4
2
5
6
1
1
2
6
1
6
7
6
8
6
1
6
9
9
1
9
10
6
9
6
6
1
6
9
11
6
9
9
12
6
9
13
6
14
6
13
14
12
14
13
13
13
14
15
14
13
13
14
13
13
16
13
13
13
17
14
14
13
17
17
13
14
13
18
13
13
13
13
13
13
13
13
19
13
13
13
13
20
13
13
13
13
13
13
13
13
21
13
21
21
13
13
21
13
13
22
21
13
13
23
24
13
21
21
13
13
21
13
21
21
25
13
26
21
26
21
21
13
26
21
21
21
27
21
21
28
21
21
21
29
29
21
29
21
21
21
21
30
21
21
21
31
21
31
31
21
31
21
31
21
32
32
21
32
33
33
21
31
31
21
32
31
34
34
21
31
34
21
31
35
36
37
34
34
31
34
34
34
38
38
31
37
38
39
38
38
34
38
38
40
40
34
34
41
38
38
41
40
38
41
42
38
41
41
38
41
41
41
41
41
43
41
41
44
45
43
43
41
43
43
45
46
47
45
46
45
48
48
48
48
45
45
45
48
45
49
49
48
50
51
48
48
49
52
49
52
48
49
48
48
52
53
52
49
48
48
52
54
48
54
52
54
49
49
55
55
55
54
56
49
54
54
57
56
54
58
54
54
56
54
59
60
60
56
54
60
54
61
60
54
62
56
60
60
54
54
63
54
60
64
56
56
54
56
54
54
64
64
65
56
56
64
64
54
54
54
66
56
64
56
56
64
54
54
54
67
54
64
54
54
54
54
64
54
54
68
64
64
54
68
54
54
64
68
69
68
68
68
54
68
70
68
64
71
72
70
68
68
70
72
70
73
74
70
70
68
73
70
74
72
73
70
75
70
70
70
70
70
70
72
72
76
70
70
72
72
70
70
72
70
77
76
76
76
76
70
70
76
72
78
78
76
76
78
79
79
70
80
76
76
76
79
79
79
81
79
79
76
79
76
79
79
79
79
82
79
82
79
79
83
79
79
83
84
79
83
83
84
83
85
79
79
83
84
84
86
84
83
85
79
87
86
86
88
86
86
86
86
89
86
88
86
86
86
89
90
89
86
91
92
93
94
86
91
86
89
91
93
91
91
95
95
95
93
93
95
96
97
95
97
95
95
95
98
99
95
95
95
99
95
95
95
99
100
101
95
95
101
95
101
100
95
102
95
95
100
100
95
100
100
95
100
103
95
95
95
100
104
103
105
100
103
103
100
95
103
105
106
100
105
95
100
100
103
100
105
107
100
107
100
100
108
107
108
105
107
107
107
100
108
107
109
108
100
108
108
108
108
108
108
100
110
111
108
111
110
111
111
108
111
111
112
111
111
111
112
108
108
113
111
111
112
111
111
113
114
112
111
111
112
112
111
112
112
114
115
111
116
111
117
118
119
111
112
111
115
120
119
112
115
118
111
112
112
115
121
120
111
112
111
111
120
122
111
111
123
120
120
111
111
111
111
120
124
120
111
111
111
125
111
111
120
125
124
125
126
120
125
125
126
126
125
125
127
125
125
128
127
126
126
125
127
125
125
125
127
129
125
125
125
129
125
125
125
130
125
125
125
125
131
125
125
125
125
125
125
125
125
125
132
125
125
125
125
125
125
133
125
125
125
134
133
125
125
135
136
133
133
125
125
134
137
133
125
133
133
134
138
125
133
134
134
125
134
134
134
134
139
139
133
133
133
133
133
133
139
133
140
133
133
133
133
133
133
141
133
142
133
142
133
142
142
142
142
142
133
143
142
142
142
144
142
142
133
142
133
142
142
145
146
144
142
133
142
133
133
142
147
133
144
133
133
142
133
133
133
148
133
149
142
133
133
133
150
150
133
150
133
150
150
150
133
151
150
150
150
150
150
150
150
150
133
152
133
152
150
150
150
150
153
154
133
150
150
155
150
150
154
133
155
154
156
157
154
150
154
154
158
158
156
156
150
157
157
150
156
159
158
159
157
150
158
158
159
158
160
157
158
158
158
158
161
162
157
162
158
157
162
163
162
162
162
162
162
162
162
164
163
162
162
162
162
162
165
162
165
162
162
162
162
162
166
162
162
162
162
162
162
162
167
162
168
162
162
162
162
162
162
169
162
162
162
162
169
162
162
162
162
170
162
162
162
169
170
162
162
169
162
171
162
162
172
173
171
172
171
173
162
173
171
174
173
173
172
172
172
172
173
175
173
172
172
172
172
172
172
172
172
176
172
177
172
172
172
172
172
176
178
179
180
172
176
176
176
180
176
176
181
179
176
172
172
180
179
172
176
179
182
180
172
176
172
179
179
179
182
172
183
172
179
183
179
179
182
182
184
172
183
182
185
182
185
185
182
186
185
187
182
182
185
182
185
185
182
188
185
185
188
182
185
185
185
185
185
189
182
188
185
185
185
185
190
185
185
185
185
191
185
185
185
185
185
192
185
193
185
185
185
185
185
185
185
193
185
194
185
185
185
185
185
185
195
185
185
185
185
185
185
196
185
185
185
185
196
185
197
185
185
197
197
196
196
185
197
198
185
197
197
199
196
199
200
197
201
199
196
201
202
199
199
200
199
202
199
200
196
203
204
199
204
202
203
205
206
204
203
207
202
203
202
207
206
206
206
208
207
207
207
207
207
207
207
209
207
207
207
207
207
207
207
207
207
210
207
207
207
211
207
207
207
207
212
207
207
207
207
213
207
207
207
207
207
207
207
214
207
207
207
207
207
215
207
215
207
214
216
215
214
217
214
218
215
217
217
217
214
219
220
217
221
222
222
214
214
223
214
222
214
217
214
224
224
222
224
225
224
225
224
224
224
225
224
226
224
224
224
224
224
227
227
228
224
224
224
227
229
227
224
227
224
227
227
230
224
227
224
224
227
227
230
231
230
232
227
227
224
227
227
233
230
233
233
227
234
227
227
227
233
234
227
227
233
234
235
235
227
234
234
233
234
235
236
237
235
235
233
235
237
237
235
237
238
237
235
237
237
237
237
237
235
237
239
235
237
237
239
237
235
240
237
237
237
237
237
237
237
241
237
237
237
237
237
237
237
241
241
242
241
242
243
241
242
244
245
245
246
245
241
247
248
241
246
249
250
246
251
246
249
246
248
249
248
248
248
252
246
248
249
253
254
248
255
256
246
255
255
249
253
257
248
248
248
258
249
257
259
248
258
248
248
258
258
258
258
260
248
248
248
248
248
258
258
258
248
261
258
262
262
262
263
261
262
264
263
261
262
262
262
264
265
261
266
267
268
267
267
264
266
267
267
269
267
269
267
270
264
267
269
269
267
267
269
270
267
271
269
270
267
269
267
267
269
269
272
267
272
270
267
270
270
270
272
273
272
270
270
272
267
270
272
272
270
274
272
270
267
274
270
270
270
267
270
275
270
276
270
270
270
270
276
270
270
276
277
270
270
270
270
278
270
279
276
270
270
279
278
270
276
280
276
276
280
281
278
276
270
270
276
282
283
282
282
284
282
282
282
282
285
282
282
282
282
282
282
282
286
287
282
282
282
288
286
282
282
282
282
282
289
288
288
288
288
282
282
288
282
290
288
288
288
288
282
288
282
288
282
291
282
291
282
288
282
282
282
288
292
282
292
288
288
293
282
294
282
292
282
295
293
293
282
293
293
296
292
296
292
297
296
292
293
292
292
297
292
292
297
298
293
292
292
292
292
292
292
292
293
299
299
292
292
292
300
292
292
292
301
292
292
292
292
302
292
292
292
302
292
292
292
302
292
303
292
303
292
292
292
292
292
304
303
303
292
303
292
304
304
292
305
304
304
292
303
306
292
305
292
292
303
292
303
292
292
307
292
292
308
303
309
303
310
303
309
308
309
309
303
309
311
308
308
309
312
311
309
311
311
309
308
309
312
313
313
309
314
314
313
313
315
315
315
315
315
314
315
315
316
315
316
315
315
315
316
317
316
315
315
315
316
315
315
316
318
316
315
315
316
315
316
316
315
316
319
315
316
316
316
315
316
315
315
320
319
316
316
319
320
315
315
321
322
320
322
319
320
315
323
315
319
320
320
320
324
320
320
324
320
320
325
320
320
326
324
320
324
324
326
324
327
320
320
324
326
324
326
328
329
330
320
324
320
324
331
331
331
332
330
331
331
331
324
330
331
331
333
324
330
331
330
330
324
331
330
334
331
335
330
331
331
334
336
337
330
330
330
334
336
338
336
336
339
336
336
336
334
338
340
336
341
342
334
338
341
340
343
338
343
343
341
344
341
343
338
345
338
343
344
343
345
338
343
346
345
347
338
343
343
345
345
348
346
346
343
346
343
343
343
346
349
343
343
346
350
346
343
349
343
346
343
351
343
349
352
343
343
343
343
343
351
343
353
351
343
343
343
343
343
343
343
354
343
343
343
343
343
343
343
343
355
343
343
343
356
357
343
343
355
355
358
358
355
359
359
343
359
355
355
355
359
360
359
359
355
355
355
361
359
362
355
359
363
364
355
355
359
362
362
355
365
355
365
362
365
365
362
362
362
366
355
362
365
355
355
365
362
365
367
365
355
362
365
362
367
368
368
368
365
369
365
370
371
372
368
369
368
369
369
373
371
370
372
373
368
368
370
372
374
370
370
370
372
368
370
370
370
372
375
370
370
372
376
372
370
376
370
372
370
372
377
372
372
378
370
370
377
372
372
379
370
378
378
377
372
370
377
378
380
377
380
378
378
370
370
370
380
377
381
380
382
381
381
383
370
381
381
382
383
381
381
382
382
384
370
381
385
382
381
381
386
382
370
382
385
382
381
382
381
386
387
381
382
382
381
381
381
388
388
381
389
388
381
389
388
389
381
389
381
390
389
388
390
389
381
389
381
391
389
381
381
392
392
389
389
389
393
389
381
392
389
394
381
389
389
389
389
395
389
395
389
389
389
396
395
389
395
389
389
389
389
389
395
397
389
389
389
389
395
389
389
395
389
398
389
389
389
389
395
389
399
389
389
389
400
389
399
389
401
389
399
389
399
402
389
389
399
401
389
403
402
399
403
389
389
404
401
401
389
389
389
401
389
389
389
405
389
389
389
389
406
389
389
389
405
405
407
408
405
406
409
405
407
410
410
409
407
408
409
409
407
409
411
409
409
409
408
409
409
409
407
412
411
409
407
413
407
407
407
407
411
414
407
407
407
407
407
415
407
407
411
416
407
407
407
407
407
407
407
417
411
407
407
407
407
407
418
418
407
418
418
419
407
418
418
418
407
418
420
421
418
418
418
407
407
418
421
422
407
418
418
418
421
407
407
418
423
418
407
421
418
424
421
424
418
423
424
418
425
418
421
418
423
418
418
424
421
426
425
427
427
427
418
427
427
427
428
427
427
427
427
418
427
428
429
427
428
428
430
427
431
432
428
431
430
428
432
428
428
427
433
428
428
434
428
434
435
434
428
436
437
434
428
437
437
428
438
428
439
436
437
437
437
436
438
440
436
438
437
436
437
436
437
436
441
437
436
436
437
436
437
436
437
442
436
436
436
437
436
443
437
442
436
444
436
445
437
436
436
445
437
436
445
436
446
437
437
446
436
445
447
446
447
436
437
436
446
447
448
437
446
437
436
446
436
436
436
436
449
436
436
450
450
446
436
436
449
451
451
436
450
450
436
450
436
450
436
452
450
436
453
453
450
436
453
450
450
454
453
453
450
453
455
454
453
453
453
453
453
455
453
453
456
453
453
453
453
453
453
457
453
453
453
453
453
453
457
453
453
458
453
453
453
457
459
453
457
457
453
453
453
453
457
460
457
457
457
457
461
453
457
453
457
457
461
457
457
462
463
453
453
453
453
457
453
464
453
453
464
457
453
453
464
453
465
453
453
466
453
453
465
464
465
464
466
466
467
464
464
464
468
464
464
464
464
468
464
464
469
464
469
464
464
469
469
470
469
464
464
464
469
469
471
464
471
472
464
469
471
464
471
473
464
464
464
469
471
464
474
471
471
464
475
475
464
475
476
464
475
471
471
477
478
479
476
471
471
478
479
471
480
471
471
476
471
481
471
480
482
482
471
471
471
483
481
471
471
483
471
482
471
481
484
482
471
471
484
484
471
485
486
482
471
485
487
484
484
486
471
488
471
471
485
485
488
471
485
489
485
471
488
485
490
485
490
488
490
491
491
490
490
490
492
488
492
488
493
493
490
488
494
493
488
488
492
494
494
495
494
488
493
488
492
488
493
492
492
496
492
488
488
488
497
496
498
496
496
496
496
488
496
488
496
498
499
496
496
496
496
496
499
496
496
496
500
496
501
496
496
496
496
496
496
496
502
496
496
496
496
496
496
496
496
502
503
496
496
496
496
496
496
504
502
496
505
502
496
505
496
496
496
502
496
506
505
496
506
496
506
502
506
506
506
507
506
506
506
508
506
502
506
506
507
509
509
506
506
506
507
506
506
510
511
510
512
506
506
511
511
510
510
510
510
513
511
514
510
510
510
510
515
510
510
515
510
510
510
516
515
510
515
510
510
510
510
510
517
510
510
510
510
510
510
518
510
510
510
510
510
519
519
510
510
520
510
520
510
510
510
521
510
510
510
521
510
510
510
521
522
510
521
521
510
510
510
510
521
523
510
510
521
521
510
521
510
521
524
524
524
521
521
521
525
526
521
521
524
525
525
524
521
527
521
525
521
528
521
525
525
529
521
521
525
525
530
525
530
529
529
525
531
530
525
525
529
530
532
525
532
525
532
532
533
530
525
532
532
525
530
525
532
534
532
525
534
532
532
525
525
532
535
532
525
536
534
525
537
532
525
536
525
538
